# Created by Octave 4.2.2, Fri Apr 13 10:04:38 2018 IST <sahil@dell>
# name: m
# type: matrix
# rows: 10
# columns: 3
 0.579698370702343 0.6133824812026201 0.3009111187051359
 0.3603702360073712 0.4929065391517012 0.7981197514059994
 0.2447630372264394 0.7929776757055093 0.7140350733520835
 0.7642860424450736 0.0307943235891041 0.6315131536296195
 0.2835396221434254 0.02855914807123943 0.6290936071047067
 0.2027427922809569 0.5754933450078269 0.614998152518483
 0.4835993082272067 0.04905702023757412 0.4510899510484596
 0.2079520882359975 0.6205629987013994 0.6461147071163104
 0.09157032864982255 0.2214887856874614 0.7333630815919318
 0.4032346740969814 0.1319919223327877 0.6636455050769295


